121465
155379
121239
135570
154718
114410
110081
185293
177783
182678
146317
136187
156492
109343
187234
197538
114947
191168
110452
194815
106108
106258
166142
106357
159984
151722
166180
126901
128538
162048
157461
183015
181270
158267
121432
126030
164097
100203
199883
160567
111637
108225
126285
147643
119464
181941
154353
126649
109747
121083
185038
167524
129384
160763
176034
127790
177916
100965
170682
125813
100798
175376
120202
150537
117070
189128
154583
192693
186050
174285
185562
180778
123349
177125
189811
176659
127355
102455
107022
192708
142647
103434
149000
166485
112965
111544
124312
146910
181163
143901
114607
139183
139029
123463
167819
191611
110352
187857
119110
167444