96 27 39 56
20 92 27 45
52 57 22 64
86 77 24 93
83 68 68 36
31 97 49 19
96 60 57 46
77 54 16 15
64 72 82 79
86 84 17 20
70 32 26 73
64 19 35 17
50 29 43 51
98 61 11 65
10 16 31 50
29 83 38 72
18 42 55 79
68 69 55 22
14 37 52 95
28 46 73 17
41 32 17 42
23 18 11 91
34 46 88 44
76 28 88 12
62 53 13 25
99 20 76 36
24 24 61 72
71 18 30 89
39 78 15 86
67 16 94 85
74 22 19 82
59 43 65 64
49 46 54 71
39 28 99 85
51 42 27 78
32 70 61 44
93 33 48 76
62 75 75 20
63 25 41 70
48 75 59 77
90 34 26 81
85 97 98 54
68 13 84 59
36 51 91 56
60 30 83 32
15 54 83 95
36 89 31 74
86 23 78 28
69 22 92 80
21 79 38 23
30 39 21 50
55 37 57 31
98 13 34 33
27 14 87 31
43 33 90 27
58 16 93 13
81 96 88 58
89 97 38 25
47 62 41 75
66 14 91 90
80 42 88 35
87 95 65 72
93 62 40 38
51 52 66 76
48 98 92 35
38 32 40 41
13 19 50 10
15 92 49 33
44 53 69 49
33 96 37 24
10 14 40 56
55 85 28 61
90 94 10 73
65 23 36 12
79 81 71 20
43 78 40 67
87 11 26 14
84 70 45 97
77 74 26 44
80 94 18 81
43 99 58 80
21 87 45 69
46 40 82 47
63 42 26 59
57 67 29 12
95 25 60 18
30 24 17 47
52 84 47 29
35 11 56 16
58 19 21 99
11 67 66 48
30 25 39 41
15 91 73 63
74 63 71 23
60 21 94 35
45 34 82 12
37 12 53 44
66 53 29 22
45 34 37 89