3963 2815 1003 1006
1002 1004 4440 1004
1005 1008 1002 1006
1008 1000 1006 1000
1009 1002 1001 1003
1000 1008 1008 1009
1006 7031 1003 6697
1002 1005 1003 1005
1007 1005 1003 1005
1005 9112 1009 1006
1007 1002 7523 3014
1005 1008 1000 1008
1001 1001 1000 1008
1003 1000 1000 1007
1005 1005 1001 1009
1006 1006 1003 1009
1003 1008 1006 1008
1005 1000 1000 1002
1004 1009 1009 1009
1009 1000 1009 1009
1004 1002 1004 1003
1003 1008 1009 1003
1007 1000 1008 1006
1002 1009 7896 1009
4559 1006 1000 1008
1002 1006 1002 1002
1000 1006 1005 1001
1009 1006 1003 4071
9435 1001 1004 1001
1004 1009 1005 1007
1002 1002 4930 1009
1001 1002 1008 1003
1003 1006 1008 1002
1003 1003 1001 1002
1005 2768 1001 1006
1005 5199 1001 1008
1008 1002 1000 1007
1000 1009 7685 1008
1000 1006 1002 1008
1000 1008 1000 1006
1005 1001 1004 1007
5080 1003 1002 1001
1007 1008 1002 1003
1000 1008 1009 1003
1008 1005 1005 1009
1007 1007 1007 1003
1003 1008 1008 9716
1001 1003 1001 1008
1000 1007 6386 3282
1007 1007 1001 1001