7018
3782
5631
1913
3252
3051
5309
9990
1588
3044
5758
7066
6555
4145
2915
4286
8358
1239
1186
3573
3482
5666
3139
4882
9728
7450
9839
6946
2964
1288
3697
4047
1653
1560
7464
2158
9425
2118
4146
7897
9795
3849
9526
4604
1812
1279
4039
3963
3079
5566
8900
1940
7777
1249
1251
1874
2941
4729
6077
1577
9347
6871
8783
8741
9920
9754
6653
2785
8084
5491
1567
4858
9004
2770
9808
1345
5717
9411
7270
4560
7645
1967
3847
3605
3533
6921
4811
4367
7711
4361
7311
2140
5869
7323
5612
7990
5533
6454
5678
4474
6780
3285
6380
9392
9090
8951
3557
1846
2588
9864
4843
7098
4847
5472
1622
1857
3817
7500
5766
1195
1407
3825
5124
7915
4924
9546
5630
6226
9500
3733
8858
3027
4053
5179
5177
1423
5162
3882
7350
5348
2022
7200
9312
2097
6555
2149
5209
4319
4757
2438
1588
1698
1456
2114
8524
2185
8931
2147
6575
4879
1118
1454
4657
1051
9749
4277
8911
4221
2257
9364
4022
4797
2782
5590
9195
5723
7282
3922
7135
2476
7292
5271
4226
5912
8462
6037
6322
8019
6871
2079
3450
2719
4552
1960
6792
7811
9879
3081
1168
6094