27431980
27300459
27439455
27303933
27721637
27564505
27854585
27713873
27791953
27098111
27136741
27509143
27289749
27604139
27072131
27922035
27369367
27046516
27820422
27045348
27784951
27854321
27585756
27735850
27939848
27883718
27747272
27294053
27457478
27111412
27033353
27094442
27143649
27070849
27707565
27030002
27074051
27566928
27701118
27797498
27739181
27373947
27101480
27349570
27810930
27823863
27257893
27872449
27938749
27245485
27383718
27858062
27606319
27346768
27818299
27962470
27886963
27466614
27329689
27259408
27813258
27707356
27440049
27790244
27593699
27532325
27004754
27046246
27242273
27560117
27147061
27868288
27999771
27175836
27214478
27897888
27193460
27168685
27669352
27657853
27181553
27502692
27508029
27956536
27000684
27342574
27001323
27165774
27150612
27862287
27220935
27063184
27348136
27321784
27711367
27876025
27417381
27273235
27953536
27201461
27735936
27469355
27412843
27700879
27322846
27530236
27307715
27808025
27261979
27252832
27552085
27139581
27475776
27573353
27892790
27422779
27223109
27209380
27504528
27843047
27225830
27085961
27681842
27032286
27670964
27763426
27746362
27844101
27755197
27115330
27814115
27103758
27824092
27984160
27126152
27375247
27002132
27516084
27308224
27168466
27268843
27033622
27257783
27236135
27662201
27995310
27381885
27461178
27244304
27135786
27806270
27049370
27547836
27832000
27371155
27582744
27018373
27515928
27343547
27372925
27263163
27011689
27196197
27558617
27364281
27649957
27325307
27387409
27787451
27494015
27881858
27558234
27620896
27353858
27379807
27163059
27679743
27042228
27484369
27578127
27034129
27731714
27453980
27514350
27814626
27208055
27889553
27689923
27036916
27318322
27590618
27082348
27614832
27934778
27459571
27109588
27075720
27602127
27846622
27776355
27728721
27248685
27057654
27807493
27230585
27042635
27288677
27363331
27488206
27571283
27574671
27505715
27372641
27257287
27567450
27861719
27722716
27244003
27623919
27947320
27342069
27910202
27343060
27492960
27498276
27858835
27542931
27843825
27336690
27535622
27127220
27296983
27281656
27598714
27009195
27742311
27262885
27769683
27258255
27168135
27559467
27781274
27304049
27498562
27438734
27172083
27739348
27717400
27129213
27160191
27603028
27613825
27814134
27031550
27877722
27061445
27739884
27191104
27592754
27770079
27017989
27253893
27711439
27703343
27771404
27217471
27077338
27719622
27680127
27765567
27461165
27980305
27749872
27201937
27932824
27027810
27021905
27407625
27486033
27631060
27127800
27578221
27294268
27696333
27504134
27674027
27073042
27936693
27653204
27964978
27960606
27401098
27476022
27671515
27225174
27909215
27826493
27282143
27892630
27064957
27231311
27619067
27168794
27483171
27363204
27505629
27806379
27263118
27490119
27661624
27579430
27662380
27369665
27870070
27786974
27274254
27024631
27378520
27990598
27473431
27623057
27098040
27613464
27917416
27978438
27871301
27921497
27378803
27809156
27301472
27946081
27986437
27279268
27631509
27857181
27616399
27570803
27224701
27177545
27067547
27748642
27826322
27312495
27972726
27341793
27950614
27440482
27512991
27556848
27956712
27696550
27794861
27902501
27148912
27633067
27952955
27257100
27661668
27930945
27703384
27753901
27718399
27981144
27607551
27057735
27977246
27296254
27471327
27116629
27353507
27877379
27120773
27633749
27132196
27946518
27434486
27812130
27834310
27522192
27894284
27034031
27452664
27103305
27403046
27177102
27485777
27792525
27373765
27081450
27819785
27333046
27735588
27099141
27793166
27942791
27950867
27118676
27161962
27610241
27928678
27952534
27339453
27761734
27165755
27509445
27670254
27099491
27648153
27388054
27391829
27998265
27325814
27948085
27727469
27711030
27524880
27644773
27605331
27966954
27599304
27778113
27074476
27330538
27042358
27706106
27825412
27936768
27540439
27245714
27767361
27090817
27233407
27026631
27497938
27669766
27760913
27970284
27877821
27658678
27331299
27232149
27777390
27552525
27416321
27332789
27304686
27565551
27243577
27003251
27726439
27137177
27263546
27211245
27130271
27146785
27488769
27773943
27461956
27304287
27102448
27754341
27427734
27159564
27575972
27190734
27423178
27669058
27565478
27826542
27319884
27562245
27205786
27518834
27637656
27615259
27719042
27498786
27037290
27384858
27930759
27659079
27789653
27940740
27377793
27874458
27459182
27167320
27592808
27695767
27844874
27801276
27174809
27983384
27121087
27145288
27016901
27847863
27997088
27371256
27774421